41112
26999
45913
44286
36555
47169
64234
52230
6105
27295
28030
53451
58851
62595
38572
17083
60293
54871
21703
29433
59093
2463
23451
43208
35847
15902
48632
17145
31328
49564
7753
20084
16424
47457
43137
22909
63031
39912
15345
64194
61248
16267
41311
31032
47814
10
29739
49267
17799
23906
39860
47724
14843
31330
8124
52857
18594
15650
34491
37650
41660
49004
15023
18351
30600
46339
4040
58262
34246
29293
37673
2057
65109
5162
20076
61037
51764
46221
29069
8082
23470
45608
4100
59139
12518
20920
14841
46554
4796
55680
5952
4809
30589
63702
55844
64196
43508
33251
60255
19807
58549
19758
21030
50110
17455
29470
49730
7966
43319
50943
18877
30429
38581
54746
42883
31626
2385
18862
28417
61298
56405
60335
16952
43870
46349
3595
20157
6648
43688
42042
33293
56395
3493
65417
29118
8070
15367
2335
3034
20120
22606
62336
52693
6949
54770
1842
29939
7979
1995
12731
1143
32162
28879
61237
15287
15047
22356
40431
31766
30411
43857
9444
62258
7533
27321
29169
7336
62771
24820
55086
18133
40764
2243
57520
23306
4065
61517
18665
21143
13874
52814
10832
18967
63362
23330
9561
19196
49843
27031
41457
39862
57110
61326
38992
38869
12985
1706
58877
55090
42529
5792
26051
21442
1543
38665
5121
36244
28885
14906
2340
39356
971
2012
4463
65509
50378
28956
63700
10555
16524
52044
6876
32384
13105
50537
34421
45231
59717
21222
43902
50144
5017
30473
30980
32108
9999
14868
30473
45209
21683
37044
27113
26438
54471
59668
41019
6485
62126
33687
8835
36199
44663
27131
36519
51992
13584
17102
46023
57647
6283
678
50828
34080
28723
34101
50676
35619
39690
59315
60884
27415
43197
26937
43665
60726
45915
1489
47495
23925
8642
46004
3868
25854
44377
28691
55110
47440
36970
18440
51999
63371
51886
31502
1691
15341
27192
17647
10406
49155
7628
60909
32310
10701
34148
26302
12857
20791
9191
64451
26989
25624
3293
60694
1500
14800
22486
59590
49794
51855
39894
18232
59577
33223
44474
22591
3725
9081
12036
14208
56175
18243
9674
16726
34846
50726
31728
62385
47923
38951
27314
29190
5596
28669
10490
1308
36923
17612
48725
22755
707
65343
21234
20692
34333
44988
19938
34679
52676
18910
51050
48490
12055
36220
25756
108
36582
59939
23837
24811
8059
7841
55985
60863
24621
42495
56858
65304
41631
44486
35841
52398
61674
2354
2434
58650
18196
551
39116
30249
59956
58814
19730
56609
17420
1777
45186
44018
5029
45381
63679
2481
17958
7813
44356
64438
14256
8503
55589
62863
1547
30789
21708
55997
40731
64273
22418
2705
10141
18099
10695
54806
39794
51447
30941
61126
17557
58080
55009
37959
133
1653
22114
64681
45525
49543
58111
12012
40263
25645
63183
10348
33492
40269
3184
7121
48278
62658
48793
10623
35546
24829
57111
30314
30410
28741
2634
44254
40961
11203
55240
64451
9487
16113
59121
43478
12330
16564
44388
29756
38893
42751
18295
45118
19537
53796
9842
38830
51845
19669
34715
11362
43780
24740
14384
45522
44112
12273
34769
10769
50908
54433
2673
28175
17281
29238
12114
5522
10803
37119
57772
15087
55890
33417
44042
22131
11662
31778
57122
42743
8655
46828
23114
25966
59999
25680
64766
61850
13553
64887
55373
11232
59422
13141
43716
52350
12064
3813
27659
4233
5604
7369
62595
62040
39270
30867
35815
4751
63231
20856
11680
51721
18922
59173
3368
47364
34090
51648
44578
50628
29062
22069
13655
27233
12129
26584
20440
36715
31625
11445
44516
62639
34948
2668
65232
23663
5101
55547
9149
44135
44335
9979
57051
62674
8364
12936
11949
36142
9360
10956
15924
4642
47845
49935
63150
13559
1040
12427
52087
48271
15616
6998
61321
26432
27166
36806
19313
13673
19220
33753
60783
860
63604
27370
22934
53165
21280
44137
51041
65045
53915
42872
37900
53364
25331
31008
46739
64528
51609
43906
62107
4702
22986
44638
42028
40885
51706
53953
60929
45139
27647
2224
41209
31380
21922
52417
35686
27963
42838
16602
54534
55168
53033
64761
22009
59260
42680
38750
20274
16344
41121
33999
52983
59485
60533
50739
16165
46016
54277
55007
58011
18606
27228
41620
20043
2613
34746
37369
32441
62784
38706
19472
65205
54092
50648
59838
32269
38686
4461
33093
12540
25597
43316
4553
47475
17539
14131
38389
13462
26694
26445
63425
13973
26884
19446
37207
4147
30110
51871
6104
6612
50296
48196
11984
514
40165
58621
24190
14170
63860
53396
54917
37392
59486
17911
55638
56753
42377
43045
9832
62223
1882
52587
28853
47693
26249
42311
20399
55353
9889
18119
570
34519
33140
35991
24534
22815
6593
21909
64576
33844
6381
30980
34727
63129
34509
57436
2360
42639
591
28339
38365
22059
47923
4858
28988
48095
20910
50954
9828
54147
11709
17900
38746
50365
42612
59521
31300
39418
30427
37940
24420
11637
7014
48382
34746
37426
46534
44498
22615
37799
32300
8663
38173
4661
60972
33030
16025
19185
7102
7370
40055
59576
59225
43200
51356
57696
64
63864
51461
3684
31528
11003
47021
31420
576
37695
39677
582
4138
62970
54790
63445
21072
63352
41298
39115
12216
46977
57940
34159
37242
15482
17485
52961
50685
7579
26711
23677
41477
57828
53052
1327
40730
19593
11600
13236
32639
20241
49799
57716
8695
22995
9812
8371
27672
3250
31474
63101
7778
59568
58828
27984
43696
9984
26075
15691
49549
38962
3234
13231
52778
48623
19885
23635
26898
53225
37620
27215
24547
10589
50419
46064
6660
39922
43856
26402
16493
16178
22954
10610
54977
46501
39609
51029
44759
14797
1484
46185
60290
35399
7960
6009
21548
30040
17703
50190
36572
3466
58568
36368
2560
47808
21512
44260
57529
27058
6997
43205
21530
6014
23878
28935
26485
11176
28861
33488
44710
20845
51630
24503
43043
23898
39337
18754
58236
56901
30189
15110
23596
7470
5250
18501
37464
59031
20325
52437
5070
42341
1112
43656
63783
17488
48026
5750
51748
25263
55273
10847
53938
40213
14620
37018
3266
44380
61533
41563
54097
45333
56354
17261
56853
62684
41585
41296
58488
46872
42028
55554
26364
45448
48170
58401
49461
9954
11120
11888
57708
15567
12362
56758
65285
41788
56295
21059
58101
50271
43043
17406
57227
52531
43311
20768
21379
59602
33667
61157
33039
43613
18854
43975
